date,open,high,low,close,volume,AAPL_5d_future_close,AAPL_5d_future_close_pct,5d_close_pct
2016-01-04,96.5393,99.1342,95.9654,99.1172,67649387,92.7007,,
2016-01-05,99.4936,99.5876,96.3512,96.6334,55790992,94.0461,,
2016-01-06,94.6106,96.3135,93.9614,94.7423,68457388,91.6282,,
2016-01-07,92.8418,94.206,90.725,90.7438,81094428,93.6321,,
2016-01-08,92.7195,93.2464,91.0354,91.2236,70798016,91.3835,,
2016-01-11,93.1147,93.1994,91.5811,92.7007,49739377,90.9413,-0.018979360457903716,-0.06473649376697488
2016-01-12,94.6012,94.7329,92.9923,94.0461,49154227,91.0637,-0.031712107147452095,-0.026774386495766467
2016-01-13,94.3848,95.2033,91.5435,91.6282,62439631,90.6026,-0.011193060651633613,-0.0328691619266156
2016-01-14,92.1644,94.5353,90.0758,93.6321,63170127,95.4197,0.01909174310946793,0.03182917180016709
2016-01-15,90.5086,91.9292,89.7183,91.3835,79833891,93.5569,0.023783286917222535,0.0017528358889584705
2016-01-19,92.5878,92.8136,89.85,90.9413,53087747,94.0743,0.03445079408365603,-0.018979360457903716
2016-01-20,89.4736,92.3805,87.893,91.0637,72334416,87.893,-0.03481848420391431,-0.031712107147452095
2016-01-21,91.3177,92.0892,89.3231,90.6026,52161463,88.5234,-0.02294856880486873,-0.011193060651633613
2016-01-22,92.7948,95.4574,92.5502,95.4197,65800467,91.5811,-0.04022859011294311,0.01909174310946793
2016-01-25,95.5138,95.5232,93.3405,93.5569,51794525,90.725,-0.03026927997828066,0.023783286917222535
2016-01-26,94.0179,94.9117,92.2679,94.0743,75077002,88.8903,-0.05510537947133276,0.03445079408365603
2016-01-27,90.358,90.9121,87.8178,87.893,133369674,90.6497,0.03136427246765949,-0.03481848420391431
2016-01-28,88.2411,88.928,86.924,88.5234,55678825,91.3781,0.03224797059308626,-0.02294856880486873
2016-01-29,89.182,91.5811,88.768,91.5811,64416504,88.9375,-0.028866218029702684,-0.04022859011294311
2016-02-01,90.7626,90.9884,89.7559,90.725,40943541,89.874,-0.00937999448883986,-0.03026927997828066
2016-02-02,89.7747,90.358,88.7022,88.8903,37357215,89.8551,0.010853827695485263,-0.05510537947133276
2016-02-03,89.3796,91.1107,88.514,90.6497,45964294,89.174,-0.016279149296688167,0.03136427246765949
2016-02-04,90.6781,92.0686,90.0443,91.3781,46471652,88.6348,-0.030021416510082832,0.03224797059308626
2016-02-05,91.3024,91.6808,88.6254,88.9375,46418064,88.9092,-0.00031820098383694706,-0.028866218029702684
2016-02-08,88.0956,90.5267,88.0105,89.874,54021375,91.4159,0.017156240959565583,-0.00937999448883986
2016-02-09,89.1929,90.7537,88.8524,89.8551,44331195,92.8159,0.03295082861184295,0.010853827695485263
2016-02-10,90.7348,91.1416,89.0132,89.174,42343601,91.0564,0.02110929194608291,-0.016279149296688167
2016-02-11,88.72,89.5997,87.5848,88.6348,50074711,90.8483,0.024973261066759234,-0.030021416510082832
2016-02-12,89.0983,89.3916,87.9821,88.9092,40351381,91.6429,0.030747099287812718,-0.00031820098383694706
2016-02-16,89.8835,91.6145,89.4956,91.4159,49057916,89.5713,-0.02017810905980255,0.017156240959565583
2016-02-17,91.4443,92.901,90.9524,92.8159,44863243,90.9051,-0.020586989944610723,0.03295082861184295
2016-02-18,93.497,93.5443,90.8966,91.0564,39020983,91.5294,0.005194582698195838,0.02110929194608291
2016-02-19,90.8105,91.5293,90.6213,90.8483,35374173,91.6713,0.009059057791945602,0.024973261066759234
2016-02-22,91.1037,91.6618,90.7348,91.6429,34280758,91.4632,-0.0019608720370044574,0.030747099287812718
2016-02-23,91.1889,91.2835,89.4389,89.5713,31942633,95.0956,0.06167488916650776,-0.02017810905980255
2016-02-24,88.8997,91.17,88.2754,90.9051,36255745,95.3037,0.048386724177191365,-0.020586989944610723
2016-02-25,90.8578,91.5294,90.101,91.5294,27582659,96.0132,0.048987538430274924,0.005194582698195838
2016-02-26,91.9456,92.7248,91.3591,91.6713,28991131,97.4416,0.06294554566151,0.009059057791945602
2016-02-29,91.624,92.9199,91.4254,91.4632,35216277,96.3632,0.053573459052383976,-0.0019608720370044574
2016-03-01,92.3713,95.3226,92.1537,95.0956,50407147,95.5686,0.00497394201203849,0.06167488916650776
2016-03-02,95.0767,95.4362,94.2537,95.3037,33169560,95.6537,0.003672470218889723,0.048386724177191365
2016-03-03,95.1429,96.2117,95.0199,96.0132,36955742,95.701,-0.0032516362333513404,0.048987538430274924
2016-03-04,96.8362,98.1415,95.8902,97.4416,46055100,96.7321,-0.007281284379566766,0.06294554566151
2016-03-07,96.8551,97.2713,95.5024,96.3632,35915810,96.978,0.006380028890696776,0.053573459052383976
2016-03-08,95.3321,96.2591,94.9726,95.5686,31561889,98.9267,0.03513811021611701,0.00497394201203849
2016-03-09,95.8334,96.0889,94.8497,95.6537,27201683,100.2415,0.04796259841490702,0.003672470218889723
2016-03-10,95.928,96.7132,94.7362,95.701,33513577,100.0807,0.04576441207510884,-0.0032516362333513404
2016-03-11,96.7132,96.751,96.0132,96.7321,27408237,100.1942,0.03579060105177079,-0.007281284379566766
2016-03-14,96.401,97.347,96.278,96.978,25076062,100.1848,0.03306729361298433,0.006380028890696776
2016-03-15,98.3402,99.4942,98.2361,98.9267,40067734,100.951,0.020462625357966946,0.03513811021611701
2016-03-16,98.9551,100.5632,98.9361,100.2415,38303493,100.3929,0.0015103524987154504,0.04796259841490702
2016-03-17,99.8159,100.7145,99.2861,100.0807,34420705,99.9578,-0.0012280089967394714,0.04576441207510884
2016-03-18,100.5915,100.7429,99.5037,100.1942,44205171,99.5037,-0.006891616480794283,0.03579060105177079
2016-03-21,100.2037,101.8307,99.4565,100.1848,35502678,101.8591,0.016712116009614197,0.03306729361298433
2016-03-22,99.5605,101.4902,99.5226,100.951,32444375,103.6375,0.026611920634763475,0.020462625357966946
2016-03-23,100.724,101.2821,100.1753,100.3929,25703495,103.0983,0.026948120833246048,0.0015103524987154504
2016-03-24,99.7686,100.5064,99.2199,99.9578,26132955,104.0442,0.04088125188829683,-0.0012280089967394714
2016-03-28,100.2699,100.4496,99.3807,99.5037,19411372,105.1131,0.056373783085453155,-0.006891616480794283
2016-03-29,99.2199,101.9632,99.2105,101.8591,31190083,103.874,0.0197812468399976,0.016712116009614197
2016-03-30,102.7767,104.451,102.7294,103.6375,45601149,104.9618,0.012778193221565592,0.026611920634763475
2016-03-31,103.7888,103.9591,102.9942,103.0983,25888449,102.6726,-0.0041290690535148444,0.026948120833246048
2016-04-01,102.8996,104.0537,102.351,104.0442,25873950,102.7861,-0.012091976294690165,0.04088125188829683
2016-04-04,104.451,106.1253,104.3091,105.1131,37356204,103.1267,-0.018897739672790625,0.056373783085453155
2016-04-05,103.5902,104.7442,103.505,103.874,26578652,104.4699,0.0057367579952634085,0.0197812468399976
2016-04-06,104.2713,104.9807,103.2969,104.9618,26404077,105.9834,0.009733064791190849,0.012778193221565592
2016-04-07,104.0064,104.451,102.2763,102.6726,31801870,106.0402,0.032799403151376305,-0.0041290690535148444
2016-04-08,103.0226,103.8361,102.3226,102.7861,23581740,103.9118,0.010951869951287163,-0.012091976294690165
2016-04-11,103.0794,104.6307,102.9469,103.1267,29407518,101.6699,-0.014126312584422873,-0.018897739672790625
2016-04-12,103.4294,104.5267,102.7861,104.4699,27232325,101.1307,-0.031963273631926414,0.0057367579952634085
2016-04-13,104.8104,106.2672,104.8104,105.9834,33257316,101.3388,-0.04382384411143625,0.009733064791190849
2016-04-14,105.5861,106.3145,105.3118,106.0402,25473923,100.2415,-0.05468397834028982,0.032799403151376305
2016-04-15,106.0496,106.2294,103.7983,103.9118,46938969,99.9672,-0.037961040035876525,0.010951869951287163
2016-04-18,103.0037,103.0605,101.1591,101.6699,60821461,99.3997,-0.0223291259261591,-0.014126312584422873
2016-04-19,102.0483,102.1618,100.4875,101.1307,32384879,98.7091,-0.023945251046418092,-0.031963273631926414
2016-04-20,100.8753,102.2469,100.3267,101.3388,30611030,92.5321,-0.08690353546716567,-0.04382384411143625
2016-04-21,101.1496,101.1496,99.8159,100.2415,31552525,89.7037,-0.10512412523755132,-0.05468397834028982
2016-04-22,99.3334,100.724,98.9645,99.9672,33683121,88.6727,-0.11298205811506168,-0.037961040035876525
2016-04-25,99.324,99.9388,98.8605,99.3997,28031588,88.5781,-0.10886954387186265,-0.0223291259261591
2016-04-26,98.2929,99.6078,98.2929,98.7091,56016165,90.0348,-0.08787740947896394,-0.023945251046418092
2016-04-27,90.8105,93.374,90.5078,92.5321,114602142,89.0983,-0.0371092842375782,-0.08690353546716567
2016-04-28,92.3335,92.5889,89.1551,89.7037,82242690,88.7367,-0.010779934383977507,-0.10512412523755132
2016-04-29,88.9092,89.5997,87.5092,88.6727,68531478,88.2418,-0.004859443774690608,-0.11298205811506168
2016-05-02,88.8855,88.9943,87.4051,88.5781,48160104,88.3085,-0.0030436417127936988,-0.10886954387186265
2016-05-03,89.1078,90.5646,88.6159,90.0348,56831277,88.908,-0.012515160804489,-0.08787740947896394
2016-05-04,90.0537,90.7159,88.7483,89.0983,41025475,88.042,-0.011855445053384761,-0.0371092842375782
2016-05-05,89.46,89.5266,88.2038,88.7367,35890500,85.9768,-0.031102125727010432,-0.010779934383977507
2016-05-06,88.8604,88.9366,87.4139,88.2418,43699886,86.1481,-0.023726850540220168,-0.004859443774690608
2016-05-09,88.5083,89.2411,88.1181,88.3085,32936436,89.3458,0.011746321135564619,-0.0030436417127936988
2016-05-10,88.8224,89.0508,87.6613,88.908,33686836,88.9747,0.0007502137040535928,-0.012515160804489
2016-05-11,88.9651,89.0508,87.9944,88.042,28719109,89.993,0.02215987823993082,-0.011855445053384761
2016-05-12,88.2418,88.2989,85.1488,85.9768,76314690,89.6504,0.04272780564059153,-0.031102125727010432
2016-05-13,85.6532,87.2426,85.6532,86.1481,44392765,90.6211,0.05192221302617228,-0.023726850540220168
2016-05-16,87.9278,89.8312,87.2235,89.3458,61259756,91.7727,0.027163000387259384,0.011746321135564619
2016-05-17,89.9835,90.1262,88.5178,88.9747,46916939,93.1717,0.047170712573349594,0.0007502137040535928
2016-05-18,89.6123,90.6116,89.3553,89.993,42062391,94.8086,0.05351082862000389,0.02215987823993082
2016-05-19,90.0691,90.0691,89.0508,89.6504,30442100,95.5604,0.06592273988738473,0.04272780564059153
2016-05-20,90.0691,90.821,89.9549,90.6211,32025968,95.5033,0.053874870201310765,0.05192221302617228
2016-05-23,91.2397,92.496,91.0494,91.7727,38018643,95.037,0.035569401357920194,0.027163000387259384
2016-05-24,92.5245,93.3525,92.1629,93.1717,35140174,93.7046,0.005719547888468179,0.047170712573349594
2016-05-25,93.9045,94.9228,93.3715,94.8086,38642108,93.0004,-0.01907210949217686,0.05351082862000389
2016-05-26,94.8657,95.865,93.8759,95.5604,56331159,93.1907,-0.024797928849188522,0.06592273988738473
2016-05-27,94.6373,95.6175,94.4517,95.5033,36341240,93.8664,-0.017139721873485003,0.053874870201310765
2016-05-31,94.7896,95.5509,94.0472,95.037,42307212,94.2471,-0.008311499731683436,0.035569401357920194
2016-06-01,94.2376,94.7325,93.5809,93.7046,29173285,94.1614,0.004874894082040893,0.005719547888468179
2016-06-02,92.8861,93.1146,91.963,93.0004,40191600,94.8371,0.019749377422032754,-0.01907210949217686
2016-06-03,93.067,93.5238,92.7434,93.1907,28504888,94.0567,0.009292772776682723,-0.024797928849188522
2016-06-06,93.2573,96.969,92.8386,93.8664,23292504,92.6387,-0.013079227497805324,-0.017139721873485003
2016-06-07,94.4565,95.0465,94.1805,94.2471,22409450,92.7529,-0.015854068719355907,-0.008311499731683436
2016-06-08,94.2376,94.7515,93.914,94.1614,20848131,92.4484,-0.018192167915940027,0.004874894082040893
2016-06-09,93.7427,95.1607,93.7046,94.8371,26601354,92.8386,-0.0210729767148089,0.019749377422032754
2016-06-10,93.7712,94.5475,93.7236,94.0567,31712936,90.7258,-0.03541374511331996,0.009292772776682723
2016-06-13,93.9235,94.3327,92.4103,92.6387,38020494,90.5069,-0.023011980953964173,-0.013079227497805324
2016-06-14,92.6197,93.7189,92.0772,92.7529,31931944,91.2778,-0.01590354587295917,-0.015854068719355907
2016-06-15,93.0955,93.657,92.3437,92.4484,29445227,90.9352,-0.016368049636337756,-0.018192167915940027
2016-06-16,91.7917,93.0289,91.43,92.8386,31326815,91.4586,-0.014864506789201815,-0.0210729767148089
2016-06-17,91.9535,91.982,90.6972,90.7258,61008219,88.889,-0.02024561921746637,-0.03541374511331996
2016-06-20,91.3634,91.9059,90.4403,90.5069,34411901,87.5947,-0.032176552284963855,-0.023011980953964173
2016-06-21,90.3546,91.6965,90.1034,91.2778,35546358,89.0698,-0.024189890641536094,-0.01590354587295917
2016-06-22,91.6014,92.2104,90.7448,90.9352,29219122,89.8407,-0.012036043248379036,-0.016368049636337756
2016-06-23,91.3063,91.6394,90.6496,91.4586,32240187,90.9827,-0.005203447242796311,-0.014864506789201815
2016-06-24,88.4227,90.0834,88.1752,88.889,75311356,91.2587,0.02665909167613556,-0.02024561921746637
2016-06-27,88.5083,88.5559,87.0808,87.5947,46622188,90.4022,0.03205102591823472,-0.032176552284963855
2016-06-28,88.4131,89.1364,87.6899,89.0698,40444914,90.9161,0.020728686939905483,-0.024189890641536094
2016-06-29,89.4315,89.9835,89.1079,89.8407,36531006,91.3063,0.016313319019108263,-0.012036043248379036
2016-06-30,89.8788,91.1445,89.7455,90.9827,35836356,92.0106,0.011297752210035483,-0.005203447242796311
2016-07-01,90.8781,91.806,90.7258,91.2587,26026540,92.2961,0.011367683300331777,0.02665909167613556
2016-07-05,90.7829,90.7924,89.8978,90.4022,27705210,92.7148,0.025581235854879703,0.03205102591823472
2016-07-06,90.031,91.0398,89.8122,90.9161,30949090,92.1914,0.014027218501453609,0.020728686939905483
2016-07-07,91.0779,91.8393,91.0018,91.3063,25139558,94.0187,0.02970660293977523,0.016313319019108263
2016-07-08,91.8298,92.2104,91.411,92.0106,28912103,94.0092,0.021721410359241355,0.011297752210035483
2016-07-11,92.0772,92.9337,92.0582,92.2961,23794945,95.0084,0.029386940509945614,0.011367683300331777
2016-07-12,92.4769,92.9813,92.4293,92.7148,24167463,95.0465,0.025149167123263982,0.025581235854879703
2016-07-13,92.7053,92.9528,92.1629,92.1914,25892171,95.1322,0.03189885390611269,0.014027218501453609
2016-07-14,92.6863,94.209,92.6197,94.0187,38918997,94.6278,0.006478498426376822,0.02970660293977523
2016-07-15,94.1424,94.504,93.7427,94.0092,30136990,93.895,-0.001214774724176082,0.021721410359241355
2016-07-18,93.933,95.294,93.8379,95.0084,36493867,92.6387,-0.024942005127967626,0.029386940509945614
2016-07-19,94.7515,95.1702,94.5421,95.0465,23779924,92.0011,-0.03204115880121838,0.025149167123263982
2016-07-20,95.1702,95.608,94.918,95.1322,26275968,97.9778,0.02991205921864526,0.03189885390611269
2016-07-21,95.0084,96.1219,94.3423,94.6278,32702028,99.3006,0.049380837343782735,0.006478498426376822
2016-07-22,94.466,94.504,93.5619,93.895,28313669,99.1769,0.0562532616220246,-0.001214774724176082
2016-07-25,93.5048,94.0663,92.239,92.6387,40382921,100.928,0.08947988259766171,-0.024942005127967626
2016-07-26,92.1438,93.2383,91.7631,92.0011,56239822,99.4339,0.08079033837638905,-0.03204115880121838
2016-07-27,99.2292,99.3101,97.7874,97.9778,92344820,100.6806,0.027585840874157164,0.02991205921864526
2016-07-28,97.8636,99.4053,97.854,99.3006,39869839,101.3025,0.020159999033238396,0.049380837343782735
2016-07-29,99.1579,99.5005,98.6725,99.1769,27733688,102.8431,0.03696626936312786,0.0562532616220246
2016-08-01,99.3672,101.0232,99.3672,100.928,38167871,103.6947,0.02741261097019665,0.08947988259766171
2016-08-02,100.928,100.9471,98.977,99.4339,33816556,104.1157,0.04708454561271358,0.08079033837638905
2016-08-03,99.7479,100.7282,99.7099,100.6806,30202641,103.3407,0.026421177466165346,0.027585840874157164
2016-08-04,101.0251,101.4269,100.738,101.3025,27408650,103.2737,0.019458552355568814,0.020159999033238396
2016-08-05,101.6853,103.0058,101.5992,102.8431,40553402,103.5129,0.006512833627146497,0.03696626936312786
2016-08-08,102.8814,103.6947,102.5369,103.6947,28037220,104.7568,0.010242567845801132,0.02741261097019665
2016-08-09,103.5607,104.2401,103.3502,104.1157,26315204,104.6611,0.0052384030458423325,0.04708454561271358
2016-08-10,104.02,104.2018,103.111,103.3407,24008505,104.508,0.011295646342631693,0.026421177466165346
2016-08-11,103.8382,104.2305,103.1971,103.2737,27484506,104.3741,0.010655181328837804,0.019458552355568814
2016-08-12,103.1301,103.7617,103.1301,103.5129,18660434,104.642,0.010907819218667347,0.006512833627146497
2016-08-15,103.4746,104.8142,103.4172,104.7568,25868209,103.8287,-0.008859568066225787,0.010242567845801132
2016-08-16,104.9003,105.4744,104.4985,104.6611,33794448,104.154,-0.00484516214715891,0.0052384030458423325
2016-08-17,104.3932,104.6516,103.666,104.508,25355976,103.3694,-0.010894859723657446,0.011295646342631693
2016-08-18,104.5176,104.8716,104.3166,104.3741,21984703,102.9292,-0.013843472662279255,0.010655181328837804
2016-08-19,104.0774,104.9577,103.6851,104.642,25368072,102.3264,-0.022128781942241105,0.010907819218667347
2016-08-22,104.1636,104.3932,103.1971,103.8287,25820230,102.2116,-0.01557469177597326,-0.008859568066225787
2016-08-23,103.9052,104.6037,103.8478,104.154,21257669,101.4269,-0.026183343894617517,-0.00484516214715891
2016-08-24,103.8813,104.0583,103.0345,103.3694,23675081,101.5226,-0.01786602224642886,-0.010894859723657446
2016-08-25,102.757,103.2258,102.0776,102.9292,25086248,102.1254,-0.007809251407763784,-0.013843472662279255
2016-08-26,102.7761,103.2928,101.7236,102.3264,27766291,103.0823,0.007387145448290999,-0.022128781942241105
2016-08-29,102.0202,102.8048,101.7044,102.2116,24970300,103.0536,0.008237812537911449,-0.01557469177597326
2016-08-30,101.2356,101.9054,100.9485,101.4269,24863945,103.6851,0.022264310552723154,-0.026183343894617517
2016-08-31,101.1016,101.9723,101.0825,101.5226,29662406,100.9676,-0.005466763065563707,-0.01786602224642886
2016-09-01,101.5609,102.1924,101.0633,102.1254,26701523,98.6808,-0.033729121256807715,-0.007809251407763784
2016-09-02,103.0536,103.3407,102.2116,103.0823,26802450,100.8911,-0.021256801604155218,0.007387145448290999
2016-09-06,103.245,103.6277,102.8718,103.0536,26880391,103.2928,0.002321122212130433,0.008237812537911449
2016-09-07,103.178,104.0679,102.4508,103.6851,42364328,106.948,0.03146932394336299,0.022264310552723154
2016-09-08,102.623,102.6422,100.6997,100.9676,53002026,110.5841,0.09524342462334445,-0.005466763065563707
2016-09-09,100.1256,101.159,98.6808,98.6808,46556984,109.9621,0.11432112427138819,-0.033729121256807715
2016-09-12,98.2215,101.159,98.1066,100.8911,45292770,108.6799,0.07720007017467356,-0.021256801604155218
2016-09-13,102.8718,104.0966,102.6134,103.2928,62176190,108.6704,0.052061711948945044,0.002321122212130433
2016-09-14,104.0392,108.1536,103.9148,106.948,112340318,108.6512,0.01592549650297359,0.03146932394336299
2016-09-15,108.9478,110.7372,108.5938,110.5841,90613177,109.6751,-0.00821998822615555,0.09524342462334445
2016-09-16,110.1535,111.1199,109.1201,109.9621,79886911,107.8475,-0.01923026206302003,0.11432112427138819
2016-09-19,110.2205,111.1677,108.3642,108.6799,47023046,108.0101,-0.0061630531496625895,0.07720007017467356
2016-09-20,108.1728,109.1966,107.6561,108.6704,34514269,108.2111,-0.004226541910216541,0.052061711948945044
2016-09-21,108.9383,109.0713,107.5901,108.6512,36003185,109.034,0.003523200848218888,0.01592549650297359
2016-09-22,109.4167,109.9812,109.0818,109.6751,31073984,107.3403,-0.02128833253856166,-0.00821998822615555
2016-09-23,109.4837,109.8377,106.7375,107.8475,52481151,108.1728,0.003016296158928178,-0.01923026206302003
2016-09-26,106.8236,108.4981,106.7375,108.0101,29869442,107.6656,-0.0031895165359535627,-0.0061630531496625895
2016-09-27,108.1249,108.2972,107.4934,108.2111,24607412,108.1249,-0.0007965911075666909,-0.004226541910216541
2016-09-28,108.7852,109.6942,108.5364,109.034,29641085,108.1728,-0.00789845369334341,0.003523200848218888
2016-09-29,108.278,108.8904,106.9767,107.3403,35886990,108.9765,0.015243109996897708,-0.02128833253856166
2016-09-30,107.6082,108.479,106.9767,108.1728,36379106,109.1392,0.008933853981777373,0.003016296158928178
2016-10-03,107.8475,108.1728,107.436,107.6656,21701760,111.0434,0.03137306623471203,-0.0031895165359535627
2016-10-04,108.1824,109.3784,107.7709,108.1249,29736835,111.2826,0.029204188859365487,-0.0007965911075666909
2016-10-05,108.5077,108.7565,107.8283,108.1728,21453089,112.2777,0.03794761714589989,-0.00789845369334341
2016-10-06,108.7947,109.4071,108.2493,108.9765,28779313,111.9332,0.027131537533321426,0.015243109996897708
2016-10-07,109.3784,109.6176,108.6129,109.1392,24358443,112.5552,0.0312994780976954,0.008933853981777373
2016-10-10,110.0578,111.7132,109.7707,111.0434,36235956,112.4786,0.012924676297735749,0.03137306623471203
2016-10-11,112.6222,113.5695,111.1869,111.2826,64041043,112.4021,0.010059973436997272,0.029204188859365487
2016-10-12,112.2873,112.8901,111.7132,112.2777,37586787,112.0672,-0.001874815747027192,0.03794761714589989
2016-10-13,111.7514,112.3734,110.7276,111.9332,35192406,112.0098,0.0006843367294064873,0.027131537533321426
2016-10-14,112.7944,113.0719,112.0768,112.5552,35652191,111.5696,-0.008756592320923517,0.0312994780976954
2016-10-17,112.2681,112.7561,111.7419,112.4786,23624896,112.5743,0.0008508285131572091,0.012924676297735749
2016-10-18,113.0815,113.1102,112.383,112.4021,24553478,113.1484,0.006639555666664521,0.010059973436997272
2016-10-19,112.1916,112.6796,108.8904,112.0672,20034594,110.6032,-0.013063590417178306,-0.001874815747027192
2016-10-20,111.8184,112.316,111.3113,112.0098,24125801,109.5411,-0.02204003578258329,0.0006843367294064873
2016-10-21,111.7706,111.8663,111.2634,111.5696,23192665,108.8139,-0.024699380476402077,-0.008756592320923517
2016-10-24,112.0481,112.6604,111.9524,112.5743,23538673,108.6416,-0.03493426119460652,0.0008508285131572091
2016-10-25,112.8614,113.2537,112.249,113.1484,48128970,106.6801,-0.05716651759989533,0.006639555666664521
2016-10-26,109.3784,110.7085,108.4216,110.6032,66134219,106.7758,-0.03460478539499756,-0.013063590417178306
2016-10-27,110.4118,110.8616,109.1775,109.5411,34562045,105.6313,-0.03569253914740678,-0.02204003578258329
2016-10-28,108.9574,110.2396,108.5555,108.8139,37861662,104.6791,-0.037998821841694896,-0.024699380476402077
2016-10-31,108.7469,109.3019,108.3163,108.6416,26419398,106.1891,-0.02257422571096157,-0.03493426119460652
2016-11-01,108.5651,108.8617,105.7615,106.6801,43825812,106.8142,0.00125702919288595,-0.05716651759989533
2016-11-02,106.594,107.503,106.4313,106.7758,28331709,106.6411,-0.0012615218055028743,-0.03460478539499756
2016-11-03,106.7373,107.199,105.362,105.6313,26932602,103.6693,-0.018574040080922893,-0.03569253914740678
2016-11-04,104.381,106.0352,103.977,104.6791,30836997,104.2848,-0.003766750000716468,-0.037998821841694896
2016-11-07,105.8717,106.2853,105.2754,106.1891,32560000,101.6688,-0.0425683992048147,-0.02257422571096157
2016-11-08,106.0929,107.449,105.5062,106.8142,24254179,103.0153,-0.03556549597338188,0.00125702919288595
2016-11-09,105.6794,107.0643,103.9193,106.6411,59176361,105.7852,-0.008025986228574089,-0.0012615218055028743
2016-11-10,106.8431,106.8431,101.7842,103.6693,57134541,105.7467,0.020038719273690386,-0.018574040080922893
2016-11-11,103.0249,104.708,102.4767,104.2848,34143898,105.8525,0.015032871521065472,-0.003766750000716468
2016-11-14,103.5923,103.6875,100.1011,101.6688,51175504,107.4586,0.056947657491777326,-0.0425683992048147
2016-11-15,102.4959,103.5635,102.1009,103.0153,32264510,107.526,0.04378669964558668,-0.03556549597338188
2016-11-16,102.6209,106.016,102.5247,105.7852,58840522,106.9777,0.011272843460143678,-0.008025986228574089
2016-11-17,105.612,106.1314,104.6695,105.7467,27632003,107.5163,0.016734328352563166,0.020038719273690386
2016-11-18,105.5255,106.3141,105.4678,105.8525,28428917,107.3047,0.013719090243499155,0.015032871521065472
2016-11-21,105.9102,107.7087,105.8044,107.4586,29264571,107.199,-0.0024158140902637015,0.056947657491777326
2016-11-22,107.6702,108.1223,107.1412,107.526,25965534,106.2949,-0.011449323884455853,0.04378669964558668
2016-11-23,107.1028,107.247,106.1122,106.9777,27426394,105.3043,-0.015642512411465193,0.011272843460143678
2016-11-25,106.8816,107.5933,106.7085,107.5163,11475922,105.6986,-0.016906273746399414,0.016734328352563166
2016-11-28,107.1701,108.1655,107.1316,107.3047,27193983,104.9388,-0.022048428447216217,0.013719090243499155
2016-11-29,106.545,107.7472,105.8621,107.199,28528750,105.7467,-0.013547701004673507,-0.0024158140902637015
2016-11-30,107.3336,107.9107,106.0544,106.2949,36162258,106.7854,0.004614520546140977,-0.011449323884455853
2016-12-01,106.1458,106.6988,104.8619,105.3043,37086862,107.8337,0.02401991181746621,-0.015642512411465193
2016-12-02,104.9965,105.8813,104.6887,105.6986,26527997,109.5938,0.03685195451973833,-0.016906273746399414
2016-12-05,105.7948,105.8236,104.1117,104.9388,34324540,108.9686,0.03840143016691622,-0.022048428447216217
2016-12-06,105.3139,106.141,105.0157,105.7467,26195462,110.7864,0.04765822479566739,-0.013547701004673507
2016-12-07,105.0831,106.9393,104.9869,106.7854,29998719,110.7864,0.0374676688011657,0.004614520546140977
2016-12-08,106.6219,108.1319,106.3718,107.8337,27068316,111.3923,0.03300081514405995,0.02401991181746621
2016-12-09,108.0165,110.3151,108.0165,109.5938,34402627,111.5365,0.017726367732481263,0.03685195451973833
2016-12-12,108.959,110.6036,108.1896,108.9686,26374377,112.1809,0.029479134356135583,0.03840143016691622
2016-12-13,109.488,111.4885,109.4014,110.7864,43733811,112.4791,0.015278951207007285,0.04765822479566739
2016-12-14,110.6421,111.7577,110.5844,110.7864,34031834,112.5849,0.016233942072312102,0.0374676688011657
2016-12-15,110.9691,112.2675,110.8248,111.3923,46524544,111.8443,0.004057731099905482,0.03300081514405995
2016-12-16,112.0174,112.0463,111.224,111.5365,44351134,112.0655,0.004742842029290761,0.017726367732481263
2016-12-19,111.373,112.8926,111.325,112.1809,27779423,112.7772,0.005315521626230391,0.029479134356135583
2016-12-20,112.2771,113.008,112.2194,112.4791,21424965,112.2963,-0.0016251908132266513,0.015278951207007285
2016-12-21,112.3348,112.9119,112.3156,112.5849,23783165,112.2675,-0.0028192057727102204,0.016233942072312102
2016-12-22,111.902,112.0559,111.2192,111.8443,26085854,111.3923,-0.004041332459499447,0.004057731099905482
2016-12-23,111.1711,112.0655,111.1711,112.0655,14249484,,-0.006007201145758478,0.004742842029290761
2016-12-27,112.0655,113.2966,112.0367,112.7772,18296855,,-0.012279964389965259,0.005315521626230391
2016-12-28,113.0273,113.5049,111.7577,112.2963,20905892,,-0.008050131660615634,-0.0016251908132266513
2016-12-29,111.9982,112.6325,111.9501,112.2675,15039519,,-0.007795666599861861,-0.0028192057727102204
2016-12-30,112.1905,112.7195,111.0172,111.3923,30586265,,0.0,-0.004041332459499447
